0.000000000000000000e+00
3.320312500000000000e-01
8.007812500000000000e-01
4.960937500000000000e-01
7.265625000000000000e-01
5.039062500000000000e-01
7.031250000000000000e-02
6.660156250000000000e-01
9.062500000000000000e-01
5.234375000000000000e-01
4.335937500000000000e-01
4.433593750000000000e-01
6.835937500000000000e-02
1.173828125000000000e+00
4.042968750000000000e-01
4.921875000000000000e-01
1.875000000000000000e-01
6.035156250000000000e-01
3.574218750000000000e-01
1.123046875000000000e+00
2.734375000000000000e-02
2.968750000000000000e-01
5.175781250000000000e-01
5.449218750000000000e-01
8.710937500000000000e-01
5.859375000000000000e-01
1.562500000000000000e-02
4.550781250000000000e-01
8.515625000000000000e-01
5.292968750000000000e-01
6.875000000000000000e-01
3.417968750000000000e-01
2.148437500000000000e-02
9.843750000000000000e-01
4.843750000000000000e-01
6.054687500000000000e-01
2.539062500000000000e-01
4.492187500000000000e-01
2.460937500000000000e-01
1.248046875000000000e+00
1.191406250000000000e-01
