1.000000000000000000e+00
9.980468750000000000e-01
9.726562500000000000e-01
9.589843750000000000e-01
8.984375000000000000e-01
8.730468750000000000e-01
7.910156250000000000e-01
7.773437500000000000e-01
6.914062500000000000e-01
6.113281250000000000e-01
4.941406250000000000e-01
4.316406250000000000e-01
3.789062500000000000e-01
2.851562500000000000e-01
2.070312500000000000e-01
1.289062500000000000e-01
6.445312500000000000e-02
-1.953125000000000000e-03
-2.539062500000000000e-02
-1.953125000000000000e-02
-1.113281250000000000e-01
-1.074218750000000000e-01
-1.523437500000000000e-01
-1.679687500000000000e-01
-1.542968750000000000e-01
-1.640625000000000000e-01
-8.789062500000000000e-02
-6.835937500000000000e-02
-1.054687500000000000e-01
-7.617187500000000000e-02
-3.515625000000000000e-02
