1.000000000000000000e+00
9.921875000000000000e-01
9.746093750000000000e-01
9.531250000000000000e-01
9.062500000000000000e-01
8.847656250000000000e-01
7.949218750000000000e-01
7.363281250000000000e-01
6.406250000000000000e-01
5.664062500000000000e-01
4.609375000000000000e-01
4.355468750000000000e-01
3.417968750000000000e-01
3.183593750000000000e-01
2.031250000000000000e-01
1.582031250000000000e-01
7.617187500000000000e-02
4.492187500000000000e-02
7.812500000000000000e-03
-4.101562500000000000e-02
-3.906250000000000000e-02
-1.425781250000000000e-01
-1.894531250000000000e-01
-1.093750000000000000e-01
-1.289062500000000000e-01
-1.015625000000000000e-01
-1.894531250000000000e-01
-1.191406250000000000e-01
-1.269531250000000000e-01
-6.445312500000000000e-02
-5.859375000000000000e-02
