1.000000000000000000e+00
9.941406250000000000e-01
9.804687500000000000e-01
9.531250000000000000e-01
9.296875000000000000e-01
8.730468750000000000e-01
8.496093750000000000e-01
7.871093750000000000e-01
7.031250000000000000e-01
6.269531250000000000e-01
6.015625000000000000e-01
5.761718750000000000e-01
5.273437500000000000e-01
5.214843750000000000e-01
4.003906250000000000e-01
4.082031250000000000e-01
3.886718750000000000e-01
3.300781250000000000e-01
2.460937500000000000e-01
2.519531250000000000e-01
2.480468750000000000e-01
1.328125000000000000e-01
8.593750000000000000e-02
1.210937500000000000e-01
1.210937500000000000e-01
6.054687500000000000e-02
2.343750000000000000e-02
1.953125000000000000e-02
-1.953125000000000000e-03
-7.812500000000000000e-03
3.906250000000000000e-02
