1.000000000000000000e+00
5.097656250000000000e-01
5.410156250000000000e-01
-4.218750000000000000e-01
-4.277343750000000000e-01
-8.886718750000000000e-01
-8.457031250000000000e-01
-2.968750000000000000e-01
-2.812500000000000000e-01
5.683593750000000000e-01
6.523437500000000000e-01
9.902343750000000000e-01
9.804687500000000000e-01
4.277343750000000000e-01
3.613281250000000000e-01
-5.605468750000000000e-01
-4.218750000000000000e-01
-8.593750000000000000e-01
-8.027343750000000000e-01
-1.914062500000000000e-01
-1.464843750000000000e-01
7.343750000000000000e-01
7.636718750000000000e-01
9.472656250000000000e-01
9.609375000000000000e-01
2.285156250000000000e-01
2.929687500000000000e-01
-6.953125000000000000e-01
-5.703125000000000000e-01
-8.613281250000000000e-01
-6.796875000000000000e-01
-1.132812500000000000e-01
5.273437500000000000e-02
8.339843750000000000e-01
8.339843750000000000e-01
9.042968750000000000e-01
9.023437500000000000e-01
6.835937500000000000e-02
1.601562500000000000e-01
-8.242187500000000000e-01
-6.308593750000000000e-01
