1.000000000000000000e+00
6.738281250000000000e-01
1.796875000000000000e-01
4.394531250000000000e-01
2.246093750000000000e-01
5.136718750000000000e-01
9.492187500000000000e-01
3.398437500000000000e-01
9.570312500000000000e-02
5.429687500000000000e-01
5.878906250000000000e-01
5.878906250000000000e-01
9.355468750000000000e-01
-2.265625000000000000e-01
5.683593750000000000e-01
5.253906250000000000e-01
8.164062500000000000e-01
4.140625000000000000e-01
5.976562500000000000e-01
-1.699218750000000000e-01
9.570312500000000000e-01
6.054687500000000000e-01
4.531250000000000000e-01
4.941406250000000000e-01
1.503906250000000000e-01
4.140625000000000000e-01
9.707031250000000000e-01
4.746093750000000000e-01
2.285156250000000000e-01
5.566406250000000000e-01
3.281250000000000000e-01
6.660156250000000000e-01
9.843750000000000000e-01
-5.859375000000000000e-02
4.882812500000000000e-01
3.750000000000000000e-01
7.988281250000000000e-01
5.214843750000000000e-01
7.128906250000000000e-01
-2.441406250000000000e-01
9.140625000000000000e-01
