1.000000000000000000e+00
4.570312500000000000e-01
7.246093750000000000e-01
9.472656250000000000e-01
2.148437500000000000e-01
9.160156250000000000e-01
-8.593750000000000000e-02
4.042968750000000000e-01
2.050781250000000000e-01
1.562500000000000000e-02
7.539062500000000000e-01
2.734375000000000000e-02
9.980468750000000000e-01
5.371093750000000000e-01
6.386718750000000000e-01
9.550781250000000000e-01
8.007812500000000000e-02
8.750000000000000000e-01
-1.269531250000000000e-01
3.789062500000000000e-01
2.128906250000000000e-01
2.148437500000000000e-02
8.203125000000000000e-01
1.191406250000000000e-01
9.863281250000000000e-01
6.093750000000000000e-01
5.878906250000000000e-01
9.726562500000000000e-01
5.859375000000000000e-02
8.320312500000000000e-01
-1.855468750000000000e-01
4.257812500000000000e-01
2.480468750000000000e-01
2.929687500000000000e-02
8.164062500000000000e-01
1.738281250000000000e-01
9.707031250000000000e-01
7.109375000000000000e-01
4.707031250000000000e-01
9.746093750000000000e-01
-3.710937500000000000e-02
