0.000000000000000000e+00
9.433593750000000000e-01
1.410156250000000000e+00
1.519531250000000000e+00
5.898437500000000000e-01
9.570312500000000000e-02
5.839843750000000000e-01
1.792968750000000000e+00
1.521484375000000000e+00
7.500000000000000000e-01
3.027343750000000000e-01
6.152343750000000000e-01
1.656250000000000000e+00
1.574218750000000000e+00
9.335937500000000000e-01
1.269531250000000000e-01
4.941406250000000000e-01
1.369140625000000000e+00
1.773437500000000000e+00
6.660156250000000000e-01
1.152343750000000000e-01
4.687500000000000000e-01
1.019531250000000000e+00
1.687500000000000000e+00
1.060546875000000000e+00
1.093750000000000000e-01
1.679687500000000000e-01
1.435546875000000000e+00
1.500000000000000000e+00
1.220703125000000000e+00
4.003906250000000000e-01
2.832031250000000000e-01
1.175781250000000000e+00
1.767578125000000000e+00
1.382812500000000000e+00
3.476562500000000000e-01
2.929687500000000000e-01
9.472656250000000000e-01
1.839843750000000000e+00
1.048828125000000000e+00
4.707031250000000000e-01
