1.000000000000000000e+00
1.953125000000000000e-02
-3.457031250000000000e-01
-4.765625000000000000e-01
4.179687500000000000e-01
8.925781250000000000e-01
4.082031250000000000e-01
-8.007812500000000000e-01
-5.156250000000000000e-01
2.949218750000000000e-01
7.011718750000000000e-01
4.003906250000000000e-01
-6.093750000000000000e-01
-5.839843750000000000e-01
3.125000000000000000e-02
8.808593750000000000e-01
4.746093750000000000e-01
-3.535156250000000000e-01
-7.949218750000000000e-01
3.183593750000000000e-01
8.691406250000000000e-01
5.000000000000000000e-01
-3.125000000000000000e-02
-6.640625000000000000e-01
-3.515625000000000000e-02
9.257812500000000000e-01
7.636718750000000000e-01
-4.960937500000000000e-01
-5.195312500000000000e-01
-2.265625000000000000e-01
6.132812500000000000e-01
7.050781250000000000e-01
-2.246093750000000000e-01
-7.636718750000000000e-01
-3.710937500000000000e-01
7.070312500000000000e-01
7.050781250000000000e-01
-2.343750000000000000e-02
-8.339843750000000000e-01
-1.640625000000000000e-01
5.351562500000000000e-01
