1.000000000000000000e+00
9.980468750000000000e-01
9.824218750000000000e-01
9.550781250000000000e-01
8.886718750000000000e-01
8.769531250000000000e-01
8.125000000000000000e-01
8.203125000000000000e-01
7.011718750000000000e-01
6.972656250000000000e-01
6.542968750000000000e-01
5.722656250000000000e-01
5.136718750000000000e-01
4.570312500000000000e-01
4.453125000000000000e-01
3.945312500000000000e-01
3.964843750000000000e-01
3.222656250000000000e-01
2.695312500000000000e-01
2.343750000000000000e-01
2.031250000000000000e-01
1.738281250000000000e-01
1.425781250000000000e-01
6.835937500000000000e-02
7.421875000000000000e-02
5.859375000000000000e-02
2.929687500000000000e-02
3.125000000000000000e-02
3.320312500000000000e-02
4.492187500000000000e-02
6.250000000000000000e-02
