1.000000000000000000e+00
2.148437500000000000e-02
-3.164062500000000000e-01
-4.746093750000000000e-01
4.003906250000000000e-01
9.062500000000000000e-01
3.359375000000000000e-01
-7.695312500000000000e-01
-4.902343750000000000e-01
2.480468750000000000e-01
7.441406250000000000e-01
4.121093750000000000e-01
-6.562500000000000000e-01
-5.351562500000000000e-01
7.031250000000000000e-02
8.886718750000000000e-01
4.648437500000000000e-01
-3.671875000000000000e-01
-7.695312500000000000e-01
3.359375000000000000e-01
8.515625000000000000e-01
5.292968750000000000e-01
-4.882812500000000000e-02
-7.031250000000000000e-01
-7.031250000000000000e-02
8.964843750000000000e-01
7.871093750000000000e-01
-4.570312500000000000e-01
-4.785156250000000000e-01
-1.289062500000000000e-01
5.937500000000000000e-01
7.402343750000000000e-01
-2.109375000000000000e-01
-7.539062500000000000e-01
-3.066406250000000000e-01
6.894531250000000000e-01
7.167968750000000000e-01
-3.906250000000000000e-03
-8.339843750000000000e-01
-8.789062500000000000e-02
5.292968750000000000e-01
