1.000000000000000000e+00
7.148437500000000000e-01
5.214843750000000000e-01
4.433593750000000000e-01
6.621093750000000000e-01
2.597656250000000000e-01
9.375000000000000000e-02
-2.480468750000000000e-01
-3.164062500000000000e-01
-7.695312500000000000e-01
-3.906250000000000000e-03
-7.792968750000000000e-01
-7.597656250000000000e-01
-7.773437500000000000e-01
-1.484375000000000000e-01
-5.644531250000000000e-01
3.300781250000000000e-01
-1.171875000000000000e-01
-9.765625000000000000e-03
3.828125000000000000e-01
8.964843750000000000e-01
6.933593750000000000e-01
6.699218750000000000e-01
5.781250000000000000e-01
7.226562500000000000e-01
6.328125000000000000e-01
5.175781250000000000e-01
1.972656250000000000e-01
-1.582031250000000000e-01
-4.824218750000000000e-01
1.425781250000000000e-01
-6.171875000000000000e-01
-6.757812500000000000e-01
-8.613281250000000000e-01
-5.273437500000000000e-01
-8.535156250000000000e-01
1.308593750000000000e-01
-4.589843750000000000e-01
-2.929687500000000000e-01
8.398437500000000000e-02
5.878906250000000000e-01
