1.000000000000000000e+00
-1.562500000000000000e-02
5.312500000000000000e-01
2.343750000000000000e-01
4.335937500000000000e-01
8.593750000000000000e-02
6.894531250000000000e-01
-1.054687500000000000e-01
4.746093750000000000e-01
3.671875000000000000e-01
1.074218750000000000e-01
6.660156250000000000e-01
3.769531250000000000e-01
2.382812500000000000e-01
5.957031250000000000e-01
5.820312500000000000e-01
2.734375000000000000e-01
8.242187500000000000e-01
4.531250000000000000e-01
1.210937500000000000e-01
9.707031250000000000e-01
1.347656250000000000e-01
6.308593750000000000e-01
2.011718750000000000e-01
3.613281250000000000e-01
-2.734375000000000000e-02
7.714843750000000000e-01
-1.738281250000000000e-01
4.921875000000000000e-01
1.523437500000000000e-01
1.445312500000000000e-01
5.683593750000000000e-01
4.121093750000000000e-01
1.699218750000000000e-01
5.703125000000000000e-01
5.234375000000000000e-01
3.242187500000000000e-01
8.808593750000000000e-01
3.203125000000000000e-01
2.500000000000000000e-01
9.082031250000000000e-01
