1.000000000000000000e+00
7.109375000000000000e-01
2.402343750000000000e-01
4.316406250000000000e-01
2.402343750000000000e-01
4.687500000000000000e-01
9.609375000000000000e-01
3.886718750000000000e-01
1.308593750000000000e-01
5.585937500000000000e-01
5.605468750000000000e-01
6.074218750000000000e-01
9.257812500000000000e-01
-2.519531250000000000e-01
6.484375000000000000e-01
5.117187500000000000e-01
7.910156250000000000e-01
3.632812500000000000e-01
6.054687500000000000e-01
-1.308593750000000000e-01
9.707031250000000000e-01
6.523437500000000000e-01
4.902343750000000000e-01
5.234375000000000000e-01
1.855468750000000000e-01
3.535156250000000000e-01
9.648437500000000000e-01
5.273437500000000000e-01
9.179687500000000000e-02
5.488281250000000000e-01
3.476562500000000000e-01
6.523437500000000000e-01
9.882812500000000000e-01
-4.101562500000000000e-02
4.667968750000000000e-01
4.179687500000000000e-01
7.773437500000000000e-01
5.351562500000000000e-01
7.812500000000000000e-01
-1.972656250000000000e-01
8.964843750000000000e-01
