1.000000000000000000e+00
6.892000000000000348e-01
1.933999999999999886e-01
4.912000000000000255e-01
2.627999999999999781e-01
5.141999999999999904e-01
9.527999999999999803e-01
3.775999999999999912e-01
8.659999999999999643e-02
5.610000000000000542e-01
5.532000000000000250e-01
5.515999999999999792e-01
9.375999999999999890e-01
-1.923999999999999877e-01
6.076000000000000290e-01
5.135999999999999455e-01
8.344000000000000306e-01
4.122000000000000108e-01
6.114000000000000545e-01
-1.660000000000000087e-01
9.716000000000000192e-01
6.331999999999999851e-01
4.591999999999999971e-01
5.123999999999999666e-01
1.458000000000000129e-01
3.870000000000000107e-01
9.751999999999999558e-01
5.151999999999999913e-01
1.363999999999999935e-01
5.295999999999999597e-01
3.065999999999999837e-01
6.451999999999999957e-01
9.891999999999999682e-01
-4.460000000000000075e-02
4.939999999999999947e-01
3.981999999999999984e-01
7.805999999999999606e-01
5.442000000000000171e-01
7.388000000000000123e-01
-2.577999999999999736e-01
8.998000000000000442e-01
