1.000000000000000000e+00
9.960937500000000000e-01
9.765625000000000000e-01
9.609375000000000000e-01
8.867187500000000000e-01
8.710937500000000000e-01
8.222656250000000000e-01
7.519531250000000000e-01
6.640625000000000000e-01
5.898437500000000000e-01
5.332031250000000000e-01
4.335937500000000000e-01
3.261718750000000000e-01
3.066406250000000000e-01
2.226562500000000000e-01
1.855468750000000000e-01
1.250000000000000000e-01
4.296875000000000000e-02
-8.398437500000000000e-02
-4.101562500000000000e-02
-8.789062500000000000e-02
-1.093750000000000000e-01
-1.523437500000000000e-01
-1.660156250000000000e-01
-1.757812500000000000e-01
-1.074218750000000000e-01
-1.406250000000000000e-01
-1.015625000000000000e-01
-1.093750000000000000e-01
-7.617187500000000000e-02
-1.757812500000000000e-02
