1.000000000000000000e+00
9.960937500000000000e-01
9.863281250000000000e-01
9.570312500000000000e-01
9.062500000000000000e-01
8.632812500000000000e-01
7.929687500000000000e-01
7.343750000000000000e-01
6.640625000000000000e-01
5.996093750000000000e-01
4.726562500000000000e-01
4.335937500000000000e-01
3.554687500000000000e-01
2.714843750000000000e-01
2.617187500000000000e-01
1.171875000000000000e-01
1.542968750000000000e-01
4.492187500000000000e-02
2.343750000000000000e-02
-7.812500000000000000e-03
-8.203125000000000000e-02
-8.789062500000000000e-02
-1.132812500000000000e-01
-1.523437500000000000e-01
-1.503906250000000000e-01
-1.582031250000000000e-01
-6.250000000000000000e-02
-7.617187500000000000e-02
-1.171875000000000000e-01
-1.953125000000000000e-02
2.539062500000000000e-02
