0.000000000000000000e+00
1.757812500000000000e-01
4.033203125000000000e-01
2.539062500000000000e-01
3.554687500000000000e-01
2.236328125000000000e-01
3.027343750000000000e-02
3.232421875000000000e-01
4.375000000000000000e-01
2.138671875000000000e-01
2.226562500000000000e-01
1.914062500000000000e-01
3.417968750000000000e-02
5.830078125000000000e-01
1.855468750000000000e-01
2.451171875000000000e-01
8.398437500000000000e-02
3.037109375000000000e-01
2.128906250000000000e-01
5.703125000000000000e-01
1.464843750000000000e-02
1.933593750000000000e-01
2.871093750000000000e-01
2.509765625000000000e-01
4.326171875000000000e-01
3.066406250000000000e-01
1.562500000000000000e-02
2.646484375000000000e-01
4.365234375000000000e-01
2.421875000000000000e-01
3.505859375000000000e-01
1.757812500000000000e-01
3.906250000000000000e-03
5.253906250000000000e-01
2.822265625000000000e-01
2.851562500000000000e-01
1.083984375000000000e-01
2.460937500000000000e-01
1.328125000000000000e-01
6.318359375000000000e-01
5.273437500000000000e-02
