5.000000000000000000e-01
3.388671875000000000e-01
8.789062500000000000e-02
2.421875000000000000e-01
1.093750000000000000e-01
2.666015625000000000e-01
4.843750000000000000e-01
2.021484375000000000e-01
2.636718750000000000e-02
2.734375000000000000e-01
2.822265625000000000e-01
2.714843750000000000e-01
4.746093750000000000e-01
-1.103515625000000000e-01
3.076171875000000000e-01
2.675781250000000000e-01
3.994140625000000000e-01
1.806640625000000000e-01
3.095703125000000000e-01
-7.226562500000000000e-02
4.863281250000000000e-01
3.125000000000000000e-01
2.236328125000000000e-01
2.431640625000000000e-01
6.835937500000000000e-02
1.894531250000000000e-01
4.892578125000000000e-01
2.519531250000000000e-01
7.910156250000000000e-02
2.519531250000000000e-01
1.484375000000000000e-01
3.242187500000000000e-01
4.980468750000000000e-01
-3.710937500000000000e-02
2.607421875000000000e-01
1.972656250000000000e-01
3.945312500000000000e-01
2.910156250000000000e-01
3.691406250000000000e-01
-1.259765625000000000e-01
4.433593750000000000e-01
