1.000000000000000000e+00
2.929687500000000000e-02
-3.320312500000000000e-01
-5.332031250000000000e-01
3.769531250000000000e-01
9.238281250000000000e-01
4.082031250000000000e-01
-7.792968750000000000e-01
-4.804687500000000000e-01
2.500000000000000000e-01
7.187500000000000000e-01
3.750000000000000000e-01
-6.093750000000000000e-01
-5.937500000000000000e-01
4.882812500000000000e-02
8.925781250000000000e-01
4.746093750000000000e-01
-3.339843750000000000e-01
-7.773437500000000000e-01
3.691406250000000000e-01
8.613281250000000000e-01
4.746093750000000000e-01
-5.078125000000000000e-02
-6.855468750000000000e-01
-7.812500000000000000e-03
9.199218750000000000e-01
8.125000000000000000e-01
-4.765625000000000000e-01
-5.683593750000000000e-01
-2.265625000000000000e-01
5.703125000000000000e-01
7.070312500000000000e-01
-2.109375000000000000e-01
-7.617187500000000000e-01
-3.457031250000000000e-01
6.660156250000000000e-01
6.582031250000000000e-01
2.539062500000000000e-02
-8.496093750000000000e-01
-1.464843750000000000e-01
5.507812500000000000e-01
