1.000000000000000000e+00
9.902343750000000000e-01
9.707031250000000000e-01
9.531250000000000000e-01
9.140625000000000000e-01
8.808593750000000000e-01
7.929687500000000000e-01
8.066406250000000000e-01
7.324218750000000000e-01
6.503906250000000000e-01
6.328125000000000000e-01
5.644531250000000000e-01
5.390625000000000000e-01
4.316406250000000000e-01
4.667968750000000000e-01
4.023437500000000000e-01
3.964843750000000000e-01
3.437500000000000000e-01
3.164062500000000000e-01
2.929687500000000000e-01
2.207031250000000000e-01
1.738281250000000000e-01
1.503906250000000000e-01
1.093750000000000000e-01
9.375000000000000000e-02
7.421875000000000000e-02
7.031250000000000000e-02
5.078125000000000000e-02
4.687500000000000000e-02
8.007812500000000000e-02
6.054687500000000000e-02
