1.000000000000000000e+00
7.324218750000000000e-01
1.933593750000000000e-01
5.019531250000000000e-01
2.519531250000000000e-01
5.234375000000000000e-01
9.687500000000000000e-01
3.476562500000000000e-01
1.054687500000000000e-01
5.507812500000000000e-01
5.156250000000000000e-01
5.820312500000000000e-01
9.199218750000000000e-01
-1.777343750000000000e-01
6.347656250000000000e-01
5.214843750000000000e-01
8.339843750000000000e-01
4.375000000000000000e-01
5.976562500000000000e-01
-1.601562500000000000e-01
9.824218750000000000e-01
6.601562500000000000e-01
4.316406250000000000e-01
5.000000000000000000e-01
1.640625000000000000e-01
3.378906250000000000e-01
9.707031250000000000e-01
5.390625000000000000e-01
1.445312500000000000e-01
5.312500000000000000e-01
3.066406250000000000e-01
6.269531250000000000e-01
9.902343750000000000e-01
-3.515625000000000000e-02
5.156250000000000000e-01
4.199218750000000000e-01
7.851562500000000000e-01
5.449218750000000000e-01
7.207031250000000000e-01
-2.500000000000000000e-01
8.750000000000000000e-01
