0.000000000000000000e+00
3.515625000000000000e-01
8.242187500000000000e-01
5.136718750000000000e-01
7.265625000000000000e-01
4.238281250000000000e-01
5.078125000000000000e-02
6.210937500000000000e-01
9.160156250000000000e-01
5.097656250000000000e-01
4.628906250000000000e-01
4.296875000000000000e-01
6.640625000000000000e-02
1.169921875000000000e+00
3.710937500000000000e-01
4.765625000000000000e-01
2.207031250000000000e-01
5.527343750000000000e-01
3.867187500000000000e-01
1.179687500000000000e+00
3.320312500000000000e-02
3.593750000000000000e-01
5.429687500000000000e-01
5.000000000000000000e-01
8.476562500000000000e-01
6.347656250000000000e-01
2.539062500000000000e-02
5.468750000000000000e-01
8.613281250000000000e-01
4.863281250000000000e-01
7.148437500000000000e-01
3.496093750000000000e-01
1.367187500000000000e-02
1.068359375000000000e+00
5.664062500000000000e-01
6.250000000000000000e-01
2.187500000000000000e-01
4.902343750000000000e-01
2.695312500000000000e-01
1.271484375000000000e+00
9.960937500000000000e-02
