1.000000000000000000e+00
5.585937500000000000e-01
5.742187500000000000e-01
-4.218750000000000000e-01
-4.082031250000000000e-01
-8.652343750000000000e-01
-8.183593750000000000e-01
-2.832031250000000000e-01
-3.203125000000000000e-01
5.878906250000000000e-01
6.367187500000000000e-01
9.882812500000000000e-01
9.902343750000000000e-01
3.886718750000000000e-01
3.574218750000000000e-01
-5.488281250000000000e-01
-4.921875000000000000e-01
-8.632812500000000000e-01
-7.812500000000000000e-01
-1.894531250000000000e-01
-1.738281250000000000e-01
6.933593750000000000e-01
7.636718750000000000e-01
9.511718750000000000e-01
9.492187500000000000e-01
2.050781250000000000e-01
2.910156250000000000e-01
-6.738281250000000000e-01
-5.957031250000000000e-01
-8.437500000000000000e-01
-7.089843750000000000e-01
-1.621093750000000000e-01
2.148437500000000000e-02
8.281250000000000000e-01
8.183593750000000000e-01
9.042968750000000000e-01
8.886718750000000000e-01
7.226562500000000000e-02
1.230468750000000000e-01
-7.773437500000000000e-01
-6.132812500000000000e-01
