1.000000000000000000e+00
7.128906250000000000e-01
5.390625000000000000e-01
4.667968750000000000e-01
6.386718750000000000e-01
3.593750000000000000e-01
1.210937500000000000e-01
-2.675781250000000000e-01
-3.671875000000000000e-01
-7.675781250000000000e-01
2.343750000000000000e-02
-7.753906250000000000e-01
-7.812500000000000000e-01
-8.085937500000000000e-01
-1.582031250000000000e-01
-5.820312500000000000e-01
2.539062500000000000e-01
-8.398437500000000000e-02
1.367187500000000000e-02
4.277343750000000000e-01
8.906250000000000000e-01
6.855468750000000000e-01
6.933593750000000000e-01
5.410156250000000000e-01
6.894531250000000000e-01
6.445312500000000000e-01
5.605468750000000000e-01
1.074218750000000000e-01
-6.640625000000000000e-02
-5.683593750000000000e-01
1.074218750000000000e-01
-6.289062500000000000e-01
-6.230468750000000000e-01
-8.242187500000000000e-01
-4.628906250000000000e-01
-8.613281250000000000e-01
1.660156250000000000e-01
-4.296875000000000000e-01
-3.066406250000000000e-01
3.320312500000000000e-02
5.859375000000000000e-01
