0.000000000000000000e+00
9.394531250000000000e-01
1.291015625000000000e+00
1.453125000000000000e+00
6.503906250000000000e-01
6.835937500000000000e-02
6.191406250000000000e-01
1.783203125000000000e+00
1.482421875000000000e+00
7.460937500000000000e-01
2.871093750000000000e-01
6.054687500000000000e-01
1.664062500000000000e+00
1.591796875000000000e+00
8.847656250000000000e-01
1.035156250000000000e-01
5.527343750000000000e-01
1.343750000000000000e+00
1.814453125000000000e+00
6.230468750000000000e-01
1.269531250000000000e-01
4.843750000000000000e-01
1.003906250000000000e+00
1.652343750000000000e+00
1.052734375000000000e+00
1.113281250000000000e-01
2.109375000000000000e-01
1.445312500000000000e+00
1.566406250000000000e+00
1.169921875000000000e+00
3.984375000000000000e-01
2.871093750000000000e-01
1.273437500000000000e+00
1.779296875000000000e+00
1.392578125000000000e+00
3.085937500000000000e-01
2.988281250000000000e-01
1.031250000000000000e+00
1.828125000000000000e+00
1.058593750000000000e+00
4.492187500000000000e-01
