1.000000000000000000e+00
9.960937500000000000e-01
9.843750000000000000e-01
9.453125000000000000e-01
9.160156250000000000e-01
8.574218750000000000e-01
8.085937500000000000e-01
7.343750000000000000e-01
6.796875000000000000e-01
6.074218750000000000e-01
4.882812500000000000e-01
4.531250000000000000e-01
3.320312500000000000e-01
2.500000000000000000e-01
1.894531250000000000e-01
1.718750000000000000e-01
1.308593750000000000e-01
3.710937500000000000e-02
-5.078125000000000000e-02
-3.515625000000000000e-02
-7.421875000000000000e-02
-1.367187500000000000e-01
-1.210937500000000000e-01
-1.328125000000000000e-01
-9.179687500000000000e-02
-1.347656250000000000e-01
-1.406250000000000000e-01
-6.640625000000000000e-02
-8.203125000000000000e-02
-5.664062500000000000e-02
-1.953125000000000000e-02
