1.000000000000000000e+00
4.296875000000000000e-02
-3.378906250000000000e-01
-4.628906250000000000e-01
2.812500000000000000e-01
9.023437500000000000e-01
3.691406250000000000e-01
-7.890625000000000000e-01
-5.117187500000000000e-01
2.519531250000000000e-01
7.460937500000000000e-01
4.023437500000000000e-01
-6.308593750000000000e-01
-5.566406250000000000e-01
7.812500000000000000e-02
9.257812500000000000e-01
4.609375000000000000e-01
-3.613281250000000000e-01
-7.675781250000000000e-01
3.183593750000000000e-01
8.574218750000000000e-01
5.214843750000000000e-01
-1.953125000000000000e-02
-6.777343750000000000e-01
7.812500000000000000e-03
8.867187500000000000e-01
7.636718750000000000e-01
-4.121093750000000000e-01
-5.703125000000000000e-01
-1.914062500000000000e-01
6.445312500000000000e-01
7.187500000000000000e-01
-2.714843750000000000e-01
-7.597656250000000000e-01
-3.593750000000000000e-01
6.601562500000000000e-01
7.382812500000000000e-01
2.539062500000000000e-02
-7.988281250000000000e-01
-9.179687500000000000e-02
5.273437500000000000e-01
