1.000000000000000000e+00
5.078125000000000000e-02
-3.691406250000000000e-01
-4.160156250000000000e-01
3.789062500000000000e-01
8.984375000000000000e-01
4.199218750000000000e-01
-7.929687500000000000e-01
-4.824218750000000000e-01
2.753906250000000000e-01
7.441406250000000000e-01
4.531250000000000000e-01
-6.679687500000000000e-01
-5.703125000000000000e-01
2.929687500000000000e-02
8.964843750000000000e-01
4.648437500000000000e-01
-3.593750000000000000e-01
-7.578125000000000000e-01
3.457031250000000000e-01
8.593750000000000000e-01
5.019531250000000000e-01
-1.367187500000000000e-02
-6.777343750000000000e-01
3.320312500000000000e-02
9.218750000000000000e-01
8.027343750000000000e-01
-4.667968750000000000e-01
-5.234375000000000000e-01
-1.816406250000000000e-01
6.445312500000000000e-01
7.011718750000000000e-01
-2.753906250000000000e-01
-7.695312500000000000e-01
-3.281250000000000000e-01
6.699218750000000000e-01
7.109375000000000000e-01
-2.539062500000000000e-02
-8.535156250000000000e-01
-1.113281250000000000e-01
4.960937500000000000e-01
