5.000000000000000000e-01
3.378906250000000000e-01
1.064453125000000000e-01
2.597656250000000000e-01
1.083984375000000000e-01
2.851562500000000000e-01
4.746093750000000000e-01
1.835937500000000000e-01
3.417968750000000000e-02
2.988281250000000000e-01
2.792968750000000000e-01
2.880859375000000000e-01
4.677734375000000000e-01
-1.093750000000000000e-01
3.251953125000000000e-01
2.333984375000000000e-01
4.345703125000000000e-01
2.050781250000000000e-01
3.125000000000000000e-01
-8.789062500000000000e-02
4.873046875000000000e-01
3.183593750000000000e-01
2.324218750000000000e-01
2.421875000000000000e-01
9.082031250000000000e-02
1.943359375000000000e-01
4.843750000000000000e-01
2.656250000000000000e-01
5.175781250000000000e-02
2.333984375000000000e-01
1.669921875000000000e-01
3.457031250000000000e-01
4.941406250000000000e-01
-2.539062500000000000e-02
2.529296875000000000e-01
2.089843750000000000e-01
3.964843750000000000e-01
2.783203125000000000e-01
3.779296875000000000e-01
-1.152343750000000000e-01
4.511718750000000000e-01
