5.000000000000000000e-01
2.929687500000000000e-03
-1.572265625000000000e-01
-2.382812500000000000e-01
2.041015625000000000e-01
4.746093750000000000e-01
2.197265625000000000e-01
-4.023437500000000000e-01
-2.607421875000000000e-01
1.210937500000000000e-01
3.857421875000000000e-01
1.826171875000000000e-01
-3.388671875000000000e-01
-3.056640625000000000e-01
1.855468750000000000e-02
4.423828125000000000e-01
2.451171875000000000e-01
-1.484375000000000000e-01
-3.818359375000000000e-01
1.777343750000000000e-01
4.423828125000000000e-01
2.666015625000000000e-01
-2.929687500000000000e-02
-3.427734375000000000e-01
-5.859375000000000000e-03
4.541015625000000000e-01
3.867187500000000000e-01
-2.265625000000000000e-01
-2.529296875000000000e-01
-1.083984375000000000e-01
3.164062500000000000e-01
3.701171875000000000e-01
-1.005859375000000000e-01
-3.925781250000000000e-01
-1.767578125000000000e-01
3.447265625000000000e-01
3.593750000000000000e-01
2.246093750000000000e-02
-4.013671875000000000e-01
-3.417968750000000000e-02
2.626953125000000000e-01
