1.000000000000000000e+00
9.941406250000000000e-01
9.707031250000000000e-01
9.218750000000000000e-01
9.140625000000000000e-01
8.554687500000000000e-01
7.988281250000000000e-01
7.226562500000000000e-01
6.582031250000000000e-01
6.015625000000000000e-01
5.312500000000000000e-01
4.121093750000000000e-01
3.378906250000000000e-01
2.968750000000000000e-01
2.207031250000000000e-01
1.855468750000000000e-01
9.960937500000000000e-02
5.859375000000000000e-02
-2.343750000000000000e-02
-7.226562500000000000e-02
-8.593750000000000000e-02
-1.347656250000000000e-01
-2.031250000000000000e-01
-1.679687500000000000e-01
-1.230468750000000000e-01
-1.191406250000000000e-01
-1.542968750000000000e-01
-7.812500000000000000e-02
-1.093750000000000000e-01
-7.226562500000000000e-02
-4.296875000000000000e-02
