1.000000000000000000e+00
5.273437500000000000e-02
5.703125000000000000e-01
1.621093750000000000e-01
3.515625000000000000e-01
1.093750000000000000e-01
6.894531250000000000e-01
-1.250000000000000000e-01
4.335937500000000000e-01
3.222656250000000000e-01
1.347656250000000000e-01
6.835937500000000000e-01
4.082031250000000000e-01
2.031250000000000000e-01
5.878906250000000000e-01
5.917968750000000000e-01
3.339843750000000000e-01
8.125000000000000000e-01
4.257812500000000000e-01
1.562500000000000000e-01
9.726562500000000000e-01
5.273437500000000000e-02
5.859375000000000000e-01
2.675781250000000000e-01
3.906250000000000000e-01
2.539062500000000000e-02
7.929687500000000000e-01
-2.304687500000000000e-01
4.960937500000000000e-01
2.324218750000000000e-01
1.171875000000000000e-01
5.605468750000000000e-01
4.316406250000000000e-01
1.933593750000000000e-01
6.328125000000000000e-01
4.765625000000000000e-01
2.734375000000000000e-01
9.355468750000000000e-01
3.281250000000000000e-01
2.539062500000000000e-01
8.886718750000000000e-01
