1.000000000000000000e+00
6.738281250000000000e-01
1.894531250000000000e-01
4.785156250000000000e-01
2.871093750000000000e-01
4.902343750000000000e-01
9.335937500000000000e-01
3.535156250000000000e-01
9.765625000000000000e-02
5.429687500000000000e-01
5.468750000000000000e-01
5.742187500000000000e-01
9.355468750000000000e-01
-1.816406250000000000e-01
6.289062500000000000e-01
4.726562500000000000e-01
8.281250000000000000e-01
3.769531250000000000e-01
6.230468750000000000e-01
-2.128906250000000000e-01
9.628906250000000000e-01
6.621093750000000000e-01
4.492187500000000000e-01
4.882812500000000000e-01
1.855468750000000000e-01
4.003906250000000000e-01
9.785156250000000000e-01
5.039062500000000000e-01
1.640625000000000000e-01
5.000000000000000000e-01
1.660156250000000000e-01
6.679687500000000000e-01
9.921875000000000000e-01
-3.710937500000000000e-02
4.843750000000000000e-01
3.828125000000000000e-01
7.890625000000000000e-01
5.214843750000000000e-01
7.480468750000000000e-01
-2.343750000000000000e-01
9.023437500000000000e-01
