1.000000000000000000e+00
9.599999999999999159e-03
-3.462000000000000077e-01
-4.753999999999999893e-01
3.927999999999999825e-01
9.058000000000000496e-01
4.003999999999999782e-01
-8.002000000000000224e-01
-4.964000000000000079e-01
2.555999999999999939e-01
7.199999999999999734e-01
3.721999999999999753e-01
-6.508000000000000451e-01
-5.904000000000000359e-01
6.600000000000000311e-02
8.778000000000000247e-01
4.779999999999999805e-01
-3.459999999999999742e-01
-7.785999999999999588e-01
3.274000000000000243e-01
8.663999999999999480e-01
5.143999999999999684e-01
-5.779999999999999721e-02
-6.982000000000000428e-01
-1.720000000000000001e-02
9.165999999999999703e-01
7.802000000000000046e-01
-4.626000000000000112e-01
-5.171999999999999931e-01
-2.328000000000000069e-01
6.226000000000000423e-01
7.201999999999999513e-01
-2.356000000000000039e-01
-7.618000000000000327e-01
-3.654000000000000026e-01
6.693999999999999950e-01
7.056000000000000050e-01
8.399999999999999481e-03
-8.319999999999999618e-01
-1.042000000000000010e-01
5.353999999999999870e-01
