0.000000000000000000e+00
4.736328125000000000e-01
6.796875000000000000e-01
7.304687500000000000e-01
2.998046875000000000e-01
4.394531250000000000e-02
3.144531250000000000e-01
8.906250000000000000e-01
7.656250000000000000e-01
3.681640625000000000e-01
1.318359375000000000e-01
2.812500000000000000e-01
8.183593750000000000e-01
7.978515625000000000e-01
4.677734375000000000e-01
4.687500000000000000e-02
2.539062500000000000e-01
6.894531250000000000e-01
8.769531250000000000e-01
3.398437500000000000e-01
5.859375000000000000e-02
2.412109375000000000e-01
5.156250000000000000e-01
8.486328125000000000e-01
5.253906250000000000e-01
4.492187500000000000e-02
1.142578125000000000e-01
7.490234375000000000e-01
7.548828125000000000e-01
6.103515625000000000e-01
2.021484375000000000e-01
1.347656250000000000e-01
6.474609375000000000e-01
8.691406250000000000e-01
6.494140625000000000e-01
1.435546875000000000e-01
1.455078125000000000e-01
4.912109375000000000e-01
9.140625000000000000e-01
5.332031250000000000e-01
2.343750000000000000e-01
