1.000000000000000000e+00
4.375000000000000000e-01
7.363281250000000000e-01
9.355468750000000000e-01
1.796875000000000000e-01
9.218750000000000000e-01
-6.250000000000000000e-02
4.062500000000000000e-01
1.972656250000000000e-01
4.492187500000000000e-02
8.046875000000000000e-01
9.960937500000000000e-02
1.000000000000000000e+00
5.156250000000000000e-01
6.738281250000000000e-01
9.785156250000000000e-01
1.464843750000000000e-01
8.710937500000000000e-01
-1.269531250000000000e-01
3.984375000000000000e-01
2.851562500000000000e-01
2.734375000000000000e-02
8.027343750000000000e-01
1.093750000000000000e-01
9.843750000000000000e-01
6.152343750000000000e-01
5.898437500000000000e-01
9.824218750000000000e-01
4.101562500000000000e-02
8.535156250000000000e-01
-1.660156250000000000e-01
3.964843750000000000e-01
2.558593750000000000e-01
7.617187500000000000e-02
8.339843750000000000e-01
1.855468750000000000e-01
9.687500000000000000e-01
6.875000000000000000e-01
4.882812500000000000e-01
9.824218750000000000e-01
-6.250000000000000000e-02
