5.000000000000000000e-01
3.593750000000000000e-01
1.064453125000000000e-01
2.539062500000000000e-01
1.406250000000000000e-01
2.519531250000000000e-01
4.736328125000000000e-01
1.738281250000000000e-01
6.835937500000000000e-02
2.832031250000000000e-01
3.007812500000000000e-01
2.578125000000000000e-01
4.648437500000000000e-01
-8.105468750000000000e-02
3.232421875000000000e-01
2.548828125000000000e-01
4.140625000000000000e-01
1.992187500000000000e-01
3.037109375000000000e-01
-7.812500000000000000e-02
4.863281250000000000e-01
3.242187500000000000e-01
2.226562500000000000e-01
2.304687500000000000e-01
8.300781250000000000e-02
2.128906250000000000e-01
4.873046875000000000e-01
2.441406250000000000e-01
5.761718750000000000e-02
2.675781250000000000e-01
1.630859375000000000e-01
3.339843750000000000e-01
4.960937500000000000e-01
-7.812500000000000000e-03
2.285156250000000000e-01
2.119140625000000000e-01
3.994140625000000000e-01
2.490234375000000000e-01
3.652343750000000000e-01
-1.289062500000000000e-01
4.335937500000000000e-01
