5.000000000000000000e-01
3.320312500000000000e-02
-1.455078125000000000e-01
-2.558593750000000000e-01
1.835937500000000000e-01
4.667968750000000000e-01
2.128906250000000000e-01
-3.925781250000000000e-01
-2.265625000000000000e-01
1.210937500000000000e-01
3.710937500000000000e-01
1.718750000000000000e-01
-3.154296875000000000e-01
-2.871093750000000000e-01
3.710937500000000000e-02
4.375000000000000000e-01
2.363281250000000000e-01
-1.699218750000000000e-01
-3.974609375000000000e-01
1.425781250000000000e-01
4.335937500000000000e-01
2.597656250000000000e-01
-5.761718750000000000e-02
-3.369140625000000000e-01
1.074218750000000000e-02
4.541015625000000000e-01
3.906250000000000000e-01
-2.080078125000000000e-01
-2.675781250000000000e-01
-1.230468750000000000e-01
2.978515625000000000e-01
3.535156250000000000e-01
-1.142578125000000000e-01
-3.867187500000000000e-01
-1.943359375000000000e-01
3.339843750000000000e-01
3.769531250000000000e-01
-1.464843750000000000e-02
-4.296875000000000000e-01
-4.199218750000000000e-02
2.666015625000000000e-01
