1.000000000000000000e+00
7.109375000000000000e-01
2.460937500000000000e-01
4.707031250000000000e-01
2.382812500000000000e-01
5.273437500000000000e-01
9.687500000000000000e-01
3.671875000000000000e-01
1.171875000000000000e-02
4.882812500000000000e-01
5.703125000000000000e-01
5.585937500000000000e-01
9.121093750000000000e-01
-1.503906250000000000e-01
6.347656250000000000e-01
5.585937500000000000e-01
7.968750000000000000e-01
3.945312500000000000e-01
6.054687500000000000e-01
-1.718750000000000000e-01
9.785156250000000000e-01
6.386718750000000000e-01
4.453125000000000000e-01
5.000000000000000000e-01
1.562500000000000000e-01
3.476562500000000000e-01
9.765625000000000000e-01
4.863281250000000000e-01
1.953125000000000000e-01
5.781250000000000000e-01
3.027343750000000000e-01
6.250000000000000000e-01
9.843750000000000000e-01
-5.078125000000000000e-02
4.882812500000000000e-01
3.769531250000000000e-01
7.656250000000000000e-01
5.507812500000000000e-01
7.636718750000000000e-01
-2.500000000000000000e-01
9.121093750000000000e-01
