5.000000000000000000e-01
1.953125000000000000e-02
-1.503906250000000000e-01
-2.451171875000000000e-01
1.718750000000000000e-01
4.619140625000000000e-01
2.021484375000000000e-01
-4.013671875000000000e-01
-2.539062500000000000e-01
1.171875000000000000e-01
3.759765625000000000e-01
2.138671875000000000e-01
-3.193359375000000000e-01
-2.851562500000000000e-01
4.296875000000000000e-02
4.375000000000000000e-01
2.529296875000000000e-01
-1.806640625000000000e-01
-3.935546875000000000e-01
1.591796875000000000e-01
4.384765625000000000e-01
2.832031250000000000e-01
-5.859375000000000000e-03
-3.603515625000000000e-01
-3.027343750000000000e-02
4.521484375000000000e-01
3.945312500000000000e-01
-2.363281250000000000e-01
-2.460937500000000000e-01
-1.103515625000000000e-01
3.222656250000000000e-01
3.808593750000000000e-01
-1.250000000000000000e-01
-3.730468750000000000e-01
-1.738281250000000000e-01
3.505859375000000000e-01
3.457031250000000000e-01
3.027343750000000000e-02
-4.082031250000000000e-01
-6.542968750000000000e-02
2.744140625000000000e-01
