1.000000000000000000e+00
5.859375000000000000e-03
-2.753906250000000000e-01
-4.648437500000000000e-01
3.964843750000000000e-01
9.296875000000000000e-01
4.218750000000000000e-01
-7.988281250000000000e-01
-4.609375000000000000e-01
2.832031250000000000e-01
7.363281250000000000e-01
3.750000000000000000e-01
-6.660156250000000000e-01
-5.976562500000000000e-01
5.273437500000000000e-02
8.945312500000000000e-01
4.765625000000000000e-01
-4.062500000000000000e-01
-7.714843750000000000e-01
3.027343750000000000e-01
8.730468750000000000e-01
4.980468750000000000e-01
-7.421875000000000000e-02
-6.835937500000000000e-01
-5.859375000000000000e-03
9.218750000000000000e-01
7.734375000000000000e-01
-4.804687500000000000e-01
-5.605468750000000000e-01
-2.558593750000000000e-01
6.601562500000000000e-01
7.148437500000000000e-01
-1.933593750000000000e-01
-7.460937500000000000e-01
-3.398437500000000000e-01
6.738281250000000000e-01
6.992187500000000000e-01
4.492187500000000000e-02
-8.417968750000000000e-01
-1.269531250000000000e-01
4.941406250000000000e-01
