1.000000000000000000e+00
6.972656250000000000e-01
1.210937500000000000e-01
4.785156250000000000e-01
2.363281250000000000e-01
4.589843750000000000e-01
9.414062500000000000e-01
3.417968750000000000e-01
9.375000000000000000e-02
5.488281250000000000e-01
5.625000000000000000e-01
5.683593750000000000e-01
9.375000000000000000e-01
-2.675781250000000000e-01
6.191406250000000000e-01
4.667968750000000000e-01
8.457031250000000000e-01
3.945312500000000000e-01
5.917968750000000000e-01
-2.148437500000000000e-01
9.707031250000000000e-01
6.484375000000000000e-01
4.179687500000000000e-01
5.546875000000000000e-01
1.328125000000000000e-01
3.671875000000000000e-01
9.785156250000000000e-01
5.449218750000000000e-01
1.093750000000000000e-01
5.078125000000000000e-01
2.519531250000000000e-01
6.621093750000000000e-01
9.902343750000000000e-01
-7.812500000000000000e-02
5.097656250000000000e-01
4.179687500000000000e-01
7.578125000000000000e-01
4.746093750000000000e-01
7.226562500000000000e-01
-2.695312500000000000e-01
8.925781250000000000e-01
